"No.","Time","Delta Time","Source","Destination","Protocol","Length","Info"
"44","712247.216000","0.003000","remote ()","localhost ()","HCI_ACL","256","Rcvd  [Reassembled in #94]"
"47","712247.218000","0.002000","remote ()","localhost ()","HCI_ACL","256","Rcvd  [Continuation to #44] [Reassembled in #94]"
"94","712247.308000","0.005000","remote ()","localhost ()","L2CAP","170","Rcvd Connection oriented channel"
"97","712247.309000","0.001000","localhost ()","remote ()","L2CAP","88","Sent Connection oriented channel"
"110","712247.338000","0.005000","controller","host","HCI_EVT","8","Rcvd Number of Completed Packets"
"116","712247.347000","0.000000","localhost ()","remote ()","L2CAP","11","Sent Connection oriented channel"
"118","712247.367000","0.017000","remote ()","localhost ()","L2CAP","80","Rcvd Connection oriented channel"
"119","712247.367000","0.000000","remote ()","localhost ()","HCI_ACL","256","Rcvd  [Reassembled in #123]"
"120","712247.368000","0.001000","localhost ()","remote ()","L2CAP","80","Sent Connection oriented channel"
"121","712247.368000","0.000000","remote ()","localhost ()","HCI_ACL","256","Rcvd  [Continuation to #119] [Reassembled in #123]"
"122","712247.370000","0.002000","controller","host","HCI_EVT","8","Rcvd Number of Completed Packets"
"123","712247.371000","0.001000","remote ()","localhost ()","L2CAP","166","Rcvd Connection oriented channel"
"124","712247.372000","0.001000","localhost ()","remote ()","L2CAP","88","Sent Connection oriented channel"
"126","712247.398000","0.012000","controller","host","HCI_EVT","8","Rcvd Number of Completed Packets"
"127","712247.398000","0.000000","controller","host","HCI_EVT","8","Rcvd Number of Completed Packets"
"128","712247.408000","0.010000","localhost ()","remote ()","L2CAP","88","Sent Connection oriented channel"
"129","712247.428000","0.020000","remote ()","localhost ()","L2CAP","76","Rcvd Connection oriented channel"
"130","712247.428000","0.000000","remote ()","localhost ()","L2CAP","15","Rcvd Connection oriented channel"
"131","712247.429000","0.001000","localhost ()","remote ()","L2CAP","76","Sent Connection oriented channel"
"132","712247.429000","0.000000","remote ()","localhost ()","L2CAP","244","Rcvd Connection oriented channel"
"133","712247.430000","0.001000","controller","host","HCI_EVT","8","Rcvd Number of Completed Packets"
"134","712247.444000","0.014000","localhost ()","remote ()","HCI_ACL","256","Sent  [Reassembled in #138]"
"135","712247.444000","0.000000","localhost ()","remote ()","HCI_ACL","256","Sent  [Continuation to #134] [Reassembled in #138]"
"136","712247.444000","0.000000","localhost ()","remote ()","HCI_ACL","256","Sent  [Continuation to #134] [Reassembled in #138]"
"137","712247.444000","0.000000","localhost ()","remote ()","HCI_ACL","256","Sent  [Continuation to #134] [Reassembled in #138]"
"138","712247.444000","0.000000","localhost ()","remote ()","L2CAP","256","Sent Connection oriented channel"
"139","712247.444000","0.000000","localhost ()","remote ()","HCI_ACL","256","Sent  [Reassembled in #143]"
"140","712247.444000","0.000000","localhost ()","remote ()","HCI_ACL","256","Sent  [Continuation to #139] [Reassembled in #143]"
"141","712247.444000","0.000000","localhost ()","remote ()","HCI_ACL","256","Sent  [Continuation to #139] [Reassembled in #143]"
"142","712247.444000","0.000000","localhost ()","remote ()","HCI_ACL","256","Sent  [Continuation to #139] [Reassembled in #143]"
"143","712247.444000","0.000000","localhost ()","remote ()","L2CAP","256","Sent Connection oriented channel"
"144","712247.444000","0.000000","localhost ()","remote ()","HCI_ACL","256","Sent  [Reassembled in #150]"
"145","712247.445000","0.001000","localhost ()","remote ()","HCI_ACL","256","Sent  [Continuation to #144] [Reassembled in #150]"
"146","712247.445000","0.000000","localhost ()","remote ()","HCI_ACL","256","Sent  [Continuation to #144] [Reassembled in #150]"
"147","712247.445000","0.000000","localhost ()","remote ()","HCI_ACL","256","Sent  [Continuation to #144] [Reassembled in #150]"
"148","712247.457000","0.012000","remote ()","localhost ()","L2CAP","80","Rcvd Connection oriented channel"
"149","712247.457000","0.000000","controller","host","HCI_EVT","8","Rcvd Number of Completed Packets"
"150","712247.457000","0.000000","localhost ()","remote ()","L2CAP","256","Sent Connection oriented channel"
"151","712247.458000","0.001000","controller","host","HCI_EVT","8","Rcvd Number of Completed Packets"
"152","712247.459000","0.001000","remote ()","localhost ()","L2CAP","11","Rcvd Connection oriented channel"
"153","712247.460000","0.001000","controller","host","HCI_EVT","8","Rcvd Number of Completed Packets"
"154","712247.460000","0.000000","localhost ()","remote ()","HCI_ACL","256","Sent  [Reassembled in #157]"
"155","712247.460000","0.000000","localhost ()","remote ()","HCI_ACL","256","Sent  [Continuation to #154] [Reassembled in #157]"
"156","712247.463000","0.003000","controller","host","HCI_EVT","8","Rcvd Number of Completed Packets"
"157","712247.463000","0.000000","localhost ()","remote ()","L2CAP","134","Sent Connection oriented channel"
"158","712247.463000","0.000000","controller","host","HCI_EVT","8","Rcvd Number of Completed Packets"
"159","712247.489000","0.026000","controller","host","HCI_EVT","8","Rcvd Number of Completed Packets"
"160","712247.489000","0.000000","localhost ()","remote ()","L2CAP","11","Sent Connection oriented channel"
"161","712247.489000","0.000000","controller","host","HCI_EVT","8","Rcvd Number of Completed Packets"
"162","712247.489000","0.000000","localhost ()","remote ()","L2CAP","84","Sent Connection oriented channel"
"163","712247.492000","0.003000","controller","host","HCI_EVT","8","Rcvd Number of Completed Packets"
"164","712247.492000","0.000000","localhost ()","remote ()","HCI_ACL","256","Sent  [Reassembled in #165]"
"165","712247.492000","0.000000","localhost ()","remote ()","L2CAP","7","Sent Connection oriented channel"
"166","712247.492000","0.000000","controller","host","HCI_EVT","8","Rcvd Number of Completed Packets"
"167","712247.495000","0.003000","controller","host","HCI_EVT","8","Rcvd Number of Completed Packets"
"168","712247.512000","0.017000","localhost ()","remote ()","HCI_ACL","256","Sent  [Reassembled in #175]"
"169","712247.512000","0.000000","localhost ()","remote ()","HCI_ACL","256","Sent  [Continuation to #168] [Reassembled in #175]"
"170","712247.519000","0.007000","controller","host","HCI_EVT","8","Rcvd Number of Completed Packets"
"171","712247.519000","0.000000","localhost ()","remote ()","HCI_ACL","256","Sent  [Continuation to #168] [Reassembled in #175]"
"172","712247.519000","0.000000","controller","host","HCI_EVT","8","Rcvd Number of Completed Packets"
"173","712247.519000","0.000000","localhost ()","remote ()","HCI_ACL","256","Sent  [Continuation to #168] [Reassembled in #175]"
"174","712247.522000","0.003000","controller","host","HCI_EVT","8","Rcvd Number of Completed Packets"
"175","712247.522000","0.000000","localhost ()","remote ()","L2CAP","256","Sent Connection oriented channel"
"176","712247.522000","0.000000","controller","host","HCI_EVT","8","Rcvd Number of Completed Packets"
"177","712247.525000","0.003000","controller","host","HCI_EVT","8","Rcvd Number of Completed Packets"
"178","712247.525000","0.000000","localhost ()","remote ()","L2CAP","14","Sent Connection oriented channel"
"179","712247.548000","0.023000","remote ()","localhost ()","L2CAP","80","Rcvd Connection oriented channel"
"180","712247.550000","0.002000","remote ()","localhost ()","L2CAP","80","Rcvd Connection oriented channel"
"181","712247.550000","0.000000","controller","host","HCI_EVT","8","Rcvd Number of Completed Packets"
"182","712247.550000","0.000000","controller","host","HCI_EVT","8","Rcvd Number of Completed Packets"
"185","712247.578000","0.018000","remote ()","localhost ()","L2CAP","11","Rcvd Connection oriented channel"
"186","712247.580000","0.002000","controller","host","HCI_EVT","8","Rcvd Number of Completed Packets"
"187","712247.580000","0.000000","controller","host","HCI_EVT","8","Rcvd Number of Completed Packets"
"188","712247.607000","0.027000","remote ()","localhost ()","L2CAP","80","Rcvd Connection oriented channel"
"189","712247.607000","0.000000","controller","host","HCI_EVT","8","Rcvd Number of Completed Packets"
"190","712247.607000","0.000000","controller","host","HCI_EVT","8","Rcvd Number of Completed Packets"
"191","712247.610000","0.003000","controller","host","HCI_EVT","8","Rcvd Number of Completed Packets"
"192","712247.610000","0.000000","controller","host","HCI_EVT","8","Rcvd Number of Completed Packets"
"193","712247.611000","0.001000","remote ()","localhost ()","L2CAP","76","Rcvd Connection oriented channel"
"194","712247.614000","0.003000","controller","host","HCI_EVT","8","Rcvd Number of Completed Packets"
"195","712247.614000","0.000000","controller","host","HCI_EVT","8","Rcvd Number of Completed Packets"
"198","712247.640000","0.008000","controller","host","HCI_EVT","8","Rcvd Number of Completed Packets"
"199","712247.640000","0.000000","controller","host","HCI_EVT","8","Rcvd Number of Completed Packets"
"200","712247.641000","0.001000","controller","host","HCI_EVT","8","Rcvd Number of Completed Packets"
"201","712247.641000","0.000000","controller","host","HCI_EVT","8","Rcvd Number of Completed Packets"
"202","712247.667000","0.026000","remote ()","localhost ()","L2CAP","14","Rcvd Connection oriented channel"
"215","712247.772000","0.001000","localhost ()","remote ()","L2CAP","11","Sent Connection oriented channel"
"231","712247.849000","0.005000","controller","host","HCI_EVT","8","Rcvd Number of Completed Packets"
"295","712248.023000","0.000000","localhost ()","remote ()","L2CAP","14","Sent Connection oriented channel"
"302","712248.087000","0.051000","remote ()","localhost ()","L2CAP","14","Rcvd Connection oriented channel"
"311","712248.091000","0.003000","controller","host","HCI_EVT","8","Rcvd Number of Completed Packets"
"320","712248.196000","0.015000","localhost ()","remote ()","L2CAP","11","Sent Connection oriented channel"
"339","712248.300000","0.000000","controller","host","HCI_EVT","8","Rcvd Number of Completed Packets"
"798","712253.616000","0.041000","localhost ()","remote ()","L2CAP","13","Sent Connection oriented channel"
"802","712253.717000","0.039000","controller","host","HCI_EVT","8","Rcvd Number of Completed Packets"
"804","712253.727000","0.010000","remote ()","localhost ()","L2CAP","14","Rcvd Connection oriented channel"
"808","712253.829000","0.022000","localhost ()","remote ()","L2CAP","11","Sent Connection oriented channel"
"815","712253.951000","0.053000","controller","host","HCI_EVT","8","Rcvd Number of Completed Packets"
"2052","712278.537000","0.200000","remote ()","localhost ()","L2CAP","100","Rcvd Connection oriented channel"
"2053","712278.538000","0.001000","localhost ()","remote ()","L2CAP","76","Sent Connection oriented channel"
"2054","712278.539000","0.001000","remote ()","localhost ()","L2CAP","76","Rcvd Connection oriented channel"
"2055","712278.539000","0.000000","localhost ()","remote ()","L2CAP","76","Sent Connection oriented channel"
"2056","712278.569000","0.030000","controller","host","HCI_EVT","8","Rcvd Number of Completed Packets"
"2057","712278.569000","0.000000","controller","host","HCI_EVT","8","Rcvd Number of Completed Packets"
"2062","712278.638000","0.011000","localhost ()","remote ()","L2CAP","11","Sent Connection oriented channel"
"2064","712278.654000","0.009000","localhost ()","remote ()","L2CAP","165","Sent Connection oriented channel"
"2066","712278.717000","0.004000","remote ()","localhost ()","L2CAP","11","Rcvd Connection oriented channel"
"2067","712278.717000","0.000000","controller","host","HCI_EVT","8","Rcvd Number of Completed Packets"
"2068","712278.717000","0.000000","controller","host","HCI_EVT","8","Rcvd Number of Completed Packets"
"2069","712278.746000","0.029000","remote ()","localhost ()","L2CAP","64","Rcvd Connection oriented channel"
"2070","712278.847000","0.101000","localhost ()","remote ()","L2CAP","11","Sent Connection oriented channel"
"2072","712278.898000","0.009000","remote ()","localhost ()","L2CAP","11","Rcvd Connection oriented channel"
"2073","712278.898000","0.000000","controller","host","HCI_EVT","8","Rcvd Number of Completed Packets"
"4071","712331.157000","0.034000","remote ()","localhost ()","HCI_ACL","256","Rcvd  [Reassembled in #4074]"
"4072","712331.158000","0.001000","remote ()","localhost ()","HCI_ACL","256","Rcvd  [Continuation to #4071] [Reassembled in #4074]"
"4073","712331.160000","0.002000","remote ()","localhost ()","HCI_ACL","256","Rcvd  [Continuation to #4071] [Reassembled in #4074]"
"4074","712331.161000","0.001000","remote ()","localhost ()","L2CAP","39","Rcvd Connection oriented channel"
"4075","712331.163000","0.002000","localhost ()","remote ()","L2CAP","76","Sent Connection oriented channel"
"4076","712331.163000","0.000000","remote ()","localhost ()","HCI_ACL","256","Rcvd  [Reassembled in #4083]"
"4077","712331.182000","0.019000","localhost ()","remote ()","L2CAP","84","Sent Connection oriented channel"
"4078","712331.189000","0.007000","remote ()","localhost ()","HCI_ACL","256","Rcvd  [Continuation to #4076] [Reassembled in #4083]"
"4079","712331.190000","0.001000","remote ()","localhost ()","HCI_ACL","256","Rcvd  [Continuation to #4076] [Reassembled in #4083]"
"4080","712331.190000","0.000000","remote ()","localhost ()","HCI_ACL","256","Rcvd  [Continuation to #4076] [Reassembled in #4083]"
"4081","712331.190000","0.000000","controller","host","HCI_EVT","8","Rcvd Number of Completed Packets"
"4082","712331.190000","0.000000","controller","host","HCI_EVT","8","Rcvd Number of Completed Packets"
"4083","712331.192000","0.002000","remote ()","localhost ()","L2CAP","256","Rcvd Connection oriented channel"
"4084","712331.218000","0.026000","remote ()","localhost ()","HCI_ACL","256","Rcvd  [Reassembled in #4088]"
"4085","712331.218000","0.000000","remote ()","localhost ()","HCI_ACL","256","Rcvd  [Continuation to #4084] [Reassembled in #4088]"
"4086","712331.220000","0.002000","remote ()","localhost ()","HCI_ACL","256","Rcvd  [Continuation to #4084] [Reassembled in #4088]"
"4087","712331.221000","0.001000","remote ()","localhost ()","HCI_ACL","256","Rcvd  [Continuation to #4084] [Reassembled in #4088]"
"4088","712331.222000","0.001000","remote ()","localhost ()","L2CAP","184","Rcvd Connection oriented channel"
"4089","712331.223000","0.001000","localhost ()","remote ()","HCI_ACL","256","Sent  [Reassembled in #4092]"
"4090","712331.223000","0.000000","localhost ()","remote ()","HCI_ACL","256","Sent  [Continuation to #4089] [Reassembled in #4092]"
"4091","712331.223000","0.000000","localhost ()","remote ()","HCI_ACL","256","Sent  [Continuation to #4089] [Reassembled in #4092]"
"4092","712331.223000","0.000000","localhost ()","remote ()","L2CAP","139","Sent Connection oriented channel"
"4093","712331.249000","0.026000","remote ()","localhost ()","HCI_ACL","256","Rcvd  [Reassembled in #4108]"
"4094","712331.252000","0.003000","controller","host","HCI_EVT","8","Rcvd Number of Completed Packets"
"4095","712331.252000","0.000000","remote ()","localhost ()","HCI_ACL","256","Rcvd  [Continuation to #4093] [Reassembled in #4108]"
"4096","712331.252000","0.000000","controller","host","HCI_EVT","8","Rcvd Number of Completed Packets"
"4097","712331.263000","0.011000","localhost ()","remote ()","L2CAP","11","Sent Connection oriented channel"
"4098","712331.267000","0.004000","localhost ()","remote ()","HCI_ACL","256","Sent  [Reassembled in #4102]"
"4099","712331.267000","0.000000","localhost ()","remote ()","HCI_ACL","256","Sent  [Continuation to #4098] [Reassembled in #4102]"
"4100","712331.267000","0.000000","localhost ()","remote ()","HCI_ACL","256","Sent  [Continuation to #4098] [Reassembled in #4102]"
"4101","712331.267000","0.000000","localhost ()","remote ()","HCI_ACL","256","Sent  [Continuation to #4098] [Reassembled in #4102]"
"4102","712331.267000","0.000000","localhost ()","remote ()","L2CAP","256","Sent Connection oriented channel"
"4103","712331.267000","0.000000","localhost ()","remote ()","HCI_ACL","256","Sent  [Reassembled in #4105]"
"4104","712331.267000","0.000000","localhost ()","remote ()","HCI_ACL","256","Sent  [Continuation to #4103] [Reassembled in #4105]"
"4105","712331.267000","0.000000","localhost ()","remote ()","L2CAP","42","Sent Connection oriented channel"
"4106","712331.279000","0.012000","remote ()","localhost ()","HCI_ACL","256","Rcvd  [Continuation to #4093] [Reassembled in #4108]"
"4107","712331.281000","0.002000","remote ()","localhost ()","HCI_ACL","256","Rcvd  [Continuation to #4093] [Reassembled in #4108]"
"4108","712331.281000","0.000000","remote ()","localhost ()","L2CAP","24","Rcvd Connection oriented channel"
"4109","712331.282000","0.001000","controller","host","HCI_EVT","8","Rcvd Number of Completed Packets"
"4110","712331.282000","0.000000","controller","host","HCI_EVT","8","Rcvd Number of Completed Packets"
"4111","712331.282000","0.000000","localhost ()","remote ()","L2CAP","76","Sent Connection oriented channel"
"4112","712331.284000","0.002000","controller","host","HCI_EVT","8","Rcvd Number of Completed Packets"
"4113","712331.297000","0.013000","localhost ()","remote ()","HCI_ACL","256","Sent  [Reassembled in #4117]"
"4114","712331.297000","0.000000","localhost ()","remote ()","HCI_ACL","256","Sent  [Continuation to #4113] [Reassembled in #4117]"
"4115","712331.297000","0.000000","localhost ()","remote ()","HCI_ACL","256","Sent  [Continuation to #4113] [Reassembled in #4117]"
"4116","712331.297000","0.000000","localhost ()","remote ()","HCI_ACL","256","Sent  [Continuation to #4113] [Reassembled in #4117]"
"4117","712331.297000","0.000000","localhost ()","remote ()","L2CAP","256","Sent Connection oriented channel"
"4118","712331.337000","0.040000","remote ()","localhost ()","L2CAP","76","Rcvd Connection oriented channel"
"4119","712331.339000","0.002000","controller","host","HCI_EVT","8","Rcvd Number of Completed Packets"
"4120","712331.339000","0.000000","localhost ()","remote ()","HCI_ACL","256","Sent  [Reassembled in #4123]"
"4121","712331.339000","0.000000","localhost ()","remote ()","HCI_ACL","256","Sent  [Continuation to #4120] [Reassembled in #4123]"
"4122","712331.339000","0.000000","controller","host","HCI_EVT","8","Rcvd Number of Completed Packets"
"4123","712331.339000","0.000000","localhost ()","remote ()","L2CAP","38","Sent Connection oriented channel"
"4124","712331.340000","0.001000","remote ()","localhost ()","L2CAP","11","Rcvd Connection oriented channel"
"4125","712331.341000","0.001000","controller","host","HCI_EVT","8","Rcvd Number of Completed Packets"
"4126","712331.347000","0.006000","controller","host","HCI_EVT","8","Rcvd Number of Completed Packets"
"4128","712331.370000","0.023000","controller","host","HCI_EVT","8","Rcvd Number of Completed Packets"
"4129","712331.370000","0.000000","controller","host","HCI_EVT","8","Rcvd Number of Completed Packets"
"4130","712331.371000","0.001000","controller","host","HCI_EVT","8","Rcvd Number of Completed Packets"
"4131","712331.371000","0.000000","controller","host","HCI_EVT","8","Rcvd Number of Completed Packets"
"4132","712331.375000","0.004000","remote ()","localhost ()","L2CAP","84","Rcvd Connection oriented channel"
"4133","712331.375000","0.000000","controller","host","HCI_EVT","8","Rcvd Number of Completed Packets"
"4134","712331.375000","0.000000","controller","host","HCI_EVT","8","Rcvd Number of Completed Packets"
"4135","712331.375000","0.000000","localhost ()","remote ()","L2CAP","76","Sent Connection oriented channel"
"4136","712331.383000","0.008000","localhost ()","remote ()","L2CAP","11","Sent Connection oriented channel"
"4137","712331.400000","0.017000","controller","host","HCI_EVT","8","Rcvd Number of Completed Packets"
"4138","712331.400000","0.000000","controller","host","HCI_EVT","8","Rcvd Number of Completed Packets"
"4139","712331.402000","0.002000","controller","host","HCI_EVT","8","Rcvd Number of Completed Packets"
"4140","712331.402000","0.000000","controller","host","HCI_EVT","8","Rcvd Number of Completed Packets"
"4141","712331.407000","0.005000","controller","host","HCI_EVT","8","Rcvd Number of Completed Packets"
"4143","712331.429000","0.022000","controller","host","HCI_EVT","8","Rcvd Number of Completed Packets"
"4144","712331.429000","0.000000","controller","host","HCI_EVT","8","Rcvd Number of Completed Packets"
"4145","712331.458000","0.029000","remote ()","localhost ()","L2CAP","92","Rcvd Connection oriented channel"
"4146","712331.458000","0.000000","controller","host","HCI_EVT","8","Rcvd Number of Completed Packets"
"4147","712331.458000","0.000000","controller","host","HCI_EVT","8","Rcvd Number of Completed Packets"
"4148","712331.458000","0.000000","localhost ()","remote ()","L2CAP","76","Sent Connection oriented channel"
"4149","712331.559000","0.101000","localhost ()","remote ()","L2CAP","11","Sent Connection oriented channel"
"4150","712331.562000","0.003000","controller","host","HCI_EVT","8","Rcvd Number of Completed Packets"
"4151","712331.578000","0.016000","remote ()","localhost ()","L2CAP","92","Rcvd Connection oriented channel"
"4152","712331.578000","0.000000","remote ()","localhost ()","L2CAP","11","Rcvd Connection oriented channel"
"4153","712331.579000","0.001000","localhost ()","remote ()","L2CAP","76","Sent Connection oriented channel"
"4154","712331.581000","0.002000","controller","host","HCI_EVT","8","Rcvd Number of Completed Packets"
"4155","712331.670000","0.089000","controller","host","HCI_EVT","8","Rcvd Number of Completed Packets"
"4157","712331.679000","0.009000","localhost ()","remote ()","L2CAP","11","Sent Connection oriented channel"
"4161","712331.756000","0.055000","remote ()","localhost ()","L2CAP","11","Rcvd Connection oriented channel"
"4162","712331.908000","0.152000","controller","host","HCI_EVT","8","Rcvd Number of Completed Packets"
