"No.","Time","Source","Delta Time","Destination","Protocol","Length","Info"
"43","7124.983000","remote ()","0.026000","localhost ()","ATT","32","Rcvd Handle Value Notification, Handle: 0x001e (Unknown)"
"153","7125.853000","remote ()","0.156000","localhost ()","ATT","32","Rcvd Handle Value Notification, Handle: 0x001e (Unknown)"
"172","7127.883000","remote ()","0.046000","localhost ()","ATT","32","Rcvd Handle Value Notification, Handle: 0x001e (Unknown)"
"217","7131.075000","remote ()","0.021000","localhost ()","ATT","32","Rcvd Handle Value Notification, Handle: 0x001e (Unknown)"
"411","7137.018000","remote ()","0.852000","localhost ()","ATT","32","Rcvd Handle Value Notification, Handle: 0x001e (Unknown)"
"422","7138.179000","remote ()","0.002000","localhost ()","ATT","32","Rcvd Handle Value Notification, Handle: 0x001e (Unknown)"
"430","7139.048000","remote ()","0.087000","localhost ()","ATT","32","Rcvd Handle Value Notification, Handle: 0x001e (Unknown)"
"438","7140.063000","remote ()","0.344000","localhost ()","ATT","32","Rcvd Handle Value Notification, Handle: 0x001e (Unknown)"
"440","7140.933000","remote ()","0.755000","localhost ()","ATT","32","Rcvd Handle Value Notification, Handle: 0x001e (Unknown)"
"524","7142.094000","remote ()","0.298000","localhost ()","ATT","32","Rcvd Handle Value Notification, Handle: 0x001e (Unknown)"
"687","7142.963000","remote ()","0.128000","localhost ()","ATT","32","Rcvd Handle Value Notification, Handle: 0x001e (Unknown)"
"693","7143.978000","remote ()","0.272000","localhost ()","ATT","32","Rcvd Handle Value Notification, Handle: 0x001e (Unknown)"
"699","7144.995000","remote ()","0.021000","localhost ()","ATT","32","Rcvd Handle Value Notification, Handle: 0x001e (Unknown)"
"702","7146.153000","remote ()","0.626000","localhost ()","ATT","32","Rcvd Handle Value Notification, Handle: 0x001e (Unknown)"
"706","7147.024000","remote ()","0.561000","localhost ()","ATT","32","Rcvd Handle Value Notification, Handle: 0x001e (Unknown)"
"710","7148.183000","remote ()","0.228000","localhost ()","ATT","32","Rcvd Handle Value Notification, Handle: 0x001e (Unknown)"
"717","7149.053000","remote ()","0.172000","localhost ()","ATT","32","Rcvd Handle Value Notification, Handle: 0x001e (Unknown)"
"724","7150.068000","remote ()","0.049000","localhost ()","ATT","32","Rcvd Handle Value Notification, Handle: 0x001e (Unknown)"
"744","7151.083000","remote ()","0.147000","localhost ()","ATT","32","Rcvd Handle Value Notification, Handle: 0x001e (Unknown)"
"1303","7173.414000","remote ()","0.226000","localhost ()","ATT","32","Rcvd Handle Value Notification, Handle: 0x001e (Unknown)"
"1305","7174.283000","remote ()","0.814000","localhost ()","ATT","32","Rcvd Handle Value Notification, Handle: 0x001e (Unknown)"
"1327","7180.085000","remote ()","0.024000","localhost ()","ATT","14","Rcvd Handle Value Notification, Handle: 0x0014 (Unknown)"
"1328","7180.398000","localhost ()","0.313000","remote ()","ATT","25","Sent Write Command, Handle: 0x0012 (Unknown)"
"1331","7181.098000","remote ()","0.155000","localhost ()","ATT","26","Rcvd Handle Value Notification, Handle: 0x0017 (Unknown)"
"1332","7181.102000","localhost ()","0.004000","remote ()","ATT","15","Sent Write Command, Handle: 0x0012 (Unknown)"
"1333","7181.105000","controller","0.003000","host","HCI_EVT","8","Rcvd Number of Completed Packets"
"1335","7181.388000","remote ()","0.179000","localhost ()","L2CAP","21","Rcvd Connection Parameter Update Request"
"1337","7181.388000","localhost ()","0.000000","remote ()","L2CAP","15","Sent Connection Parameter Update Response (Accepted)"
"1338","7181.391000","controller","0.003000","host","HCI_EVT","8","Rcvd Number of Completed Packets"
"1340","7181.564000","controller","0.173000","host","HCI_EVT","8","Rcvd Number of Completed Packets"
"1343","7181.823000","remote ()","0.252000","localhost ()","ATT","19","Rcvd Handle Value Notification, Handle: 0x0017 (Unknown)"
"1344","7181.827000","remote ()","0.004000","localhost ()","ATT","194","Rcvd Handle Value Notification, Handle: 0x0017 (Unknown)"
"1345","7181.970000","remote ()","0.143000","localhost ()","ATT","194","Rcvd Handle Value Notification, Handle: 0x0017 (Unknown)"
"1346","7181.971000","remote ()","0.001000","localhost ()","ATT","194","Rcvd Handle Value Notification, Handle: 0x0017 (Unknown)"
"1347","7181.975000","remote ()","0.004000","localhost ()","ATT","194","Rcvd Handle Value Notification, Handle: 0x0017 (Unknown)"
"1348","7182.116000","remote ()","0.141000","localhost ()","ATT","194","Rcvd Handle Value Notification, Handle: 0x0017 (Unknown)"
"1389","7182.260000","remote ()","0.004000","localhost ()","ATT","194","Rcvd Handle Value Notification, Handle: 0x0017 (Unknown)"
"1392","7182.262000","remote ()","0.002000","localhost ()","ATT","194","Rcvd Handle Value Notification, Handle: 0x0017 (Unknown)"
"1460","7182.406000","remote ()","0.005000","localhost ()","ATT","194","Rcvd Handle Value Notification, Handle: 0x0017 (Unknown)"
"1463","7182.408000","remote ()","0.002000","localhost ()","ATT","194","Rcvd Handle Value Notification, Handle: 0x0017 (Unknown)"
"1464","7182.408000","remote ()","0.000000","localhost ()","ATT","194","Rcvd Handle Value Notification, Handle: 0x0017 (Unknown)"
"1514","7182.550000","remote ()","0.041000","localhost ()","ATT","194","Rcvd Handle Value Notification, Handle: 0x0017 (Unknown)"
"1516","7182.695000","remote ()","0.129000","localhost ()","ATT","194","Rcvd Handle Value Notification, Handle: 0x0017 (Unknown)"
"1517","7182.697000","remote ()","0.002000","localhost ()","ATT","194","Rcvd Handle Value Notification, Handle: 0x0017 (Unknown)"
"1519","7182.840000","remote ()","0.021000","localhost ()","ATT","194","Rcvd Handle Value Notification, Handle: 0x0017 (Unknown)"
"1521","7182.985000","remote ()","0.139000","localhost ()","ATT","194","Rcvd Handle Value Notification, Handle: 0x0017 (Unknown)"
"1522","7183.130000","remote ()","0.145000","localhost ()","ATT","194","Rcvd Handle Value Notification, Handle: 0x0017 (Unknown)"
"1523","7183.275000","remote ()","0.145000","localhost ()","ATT","194","Rcvd Handle Value Notification, Handle: 0x0017 (Unknown)"
"1524","7183.420000","remote ()","0.145000","localhost ()","ATT","194","Rcvd Handle Value Notification, Handle: 0x0017 (Unknown)"
"1526","7183.565000","remote ()","0.128000","localhost ()","ATT","194","Rcvd Handle Value Notification, Handle: 0x0017 (Unknown)"
"1527","7183.566000","remote ()","0.001000","localhost ()","ATT","194","Rcvd Handle Value Notification, Handle: 0x0017 (Unknown)"
"1529","7183.570000","remote ()","0.004000","localhost ()","ATT","194","Rcvd Handle Value Notification, Handle: 0x0017 (Unknown)"
"1530","7183.710000","remote ()","0.140000","localhost ()","ATT","194","Rcvd Handle Value Notification, Handle: 0x0017 (Unknown)"
"1533","7183.855000","remote ()","0.088000","localhost ()","ATT","194","Rcvd Handle Value Notification, Handle: 0x0017 (Unknown)"
"1534","7184.010000","remote ()","0.155000","localhost ()","ATT","194","Rcvd Handle Value Notification, Handle: 0x0017 (Unknown)"
"1535","7184.012000","controller","0.002000","host","HCI_EVT","13","Rcvd LE Meta (LE Connection Update Complete)"
"1538","7184.042000","remote ()","0.026000","localhost ()","ATT","194","Rcvd Handle Value Notification, Handle: 0x0017 (Unknown)"
"1539","7184.071000","remote ()","0.029000","localhost ()","ATT","194","Rcvd Handle Value Notification, Handle: 0x0017 (Unknown)"
"1540","7184.071000","remote ()","0.000000","localhost ()","ATT","194","Rcvd Handle Value Notification, Handle: 0x0017 (Unknown)"
"1541","7184.075000","remote ()","0.004000","localhost ()","ATT","194","Rcvd Handle Value Notification, Handle: 0x0017 (Unknown)"
"1542","7184.102000","remote ()","0.027000","localhost ()","ATT","194","Rcvd Handle Value Notification, Handle: 0x0017 (Unknown)"
"1543","7184.131000","remote ()","0.029000","localhost ()","ATT","194","Rcvd Handle Value Notification, Handle: 0x0017 (Unknown)"
"1544","7184.131000","remote ()","0.000000","localhost ()","ATT","194","Rcvd Handle Value Notification, Handle: 0x0017 (Unknown)"
"1545","7184.133000","remote ()","0.002000","localhost ()","ATT","194","Rcvd Handle Value Notification, Handle: 0x0017 (Unknown)"
"1546","7184.161000","remote ()","0.028000","localhost ()","ATT","194","Rcvd Handle Value Notification, Handle: 0x0017 (Unknown)"
"1547","7184.161000","remote ()","0.000000","localhost ()","ATT","194","Rcvd Handle Value Notification, Handle: 0x0017 (Unknown)"
"1548","7184.163000","remote ()","0.002000","localhost ()","ATT","194","Rcvd Handle Value Notification, Handle: 0x0017 (Unknown)"
"1549","7184.191000","remote ()","0.028000","localhost ()","ATT","194","Rcvd Handle Value Notification, Handle: 0x0017 (Unknown)"
"1550","7184.192000","remote ()","0.001000","localhost ()","ATT","194","Rcvd Handle Value Notification, Handle: 0x0017 (Unknown)"
"1551","7184.193000","remote ()","0.001000","localhost ()","ATT","194","Rcvd Handle Value Notification, Handle: 0x0017 (Unknown)"
"1552","7184.221000","remote ()","0.028000","localhost ()","ATT","194","Rcvd Handle Value Notification, Handle: 0x0017 (Unknown)"
"1553","7184.222000","remote ()","0.001000","localhost ()","ATT","194","Rcvd Handle Value Notification, Handle: 0x0017 (Unknown)"
"1554","7184.223000","remote ()","0.001000","localhost ()","ATT","194","Rcvd Handle Value Notification, Handle: 0x0017 (Unknown)"
"1555","7184.251000","remote ()","0.028000","localhost ()","ATT","194","Rcvd Handle Value Notification, Handle: 0x0017 (Unknown)"
"1556","7184.252000","remote ()","0.001000","localhost ()","ATT","194","Rcvd Handle Value Notification, Handle: 0x0017 (Unknown)"
"1557","7184.253000","remote ()","0.001000","localhost ()","ATT","194","Rcvd Handle Value Notification, Handle: 0x0017 (Unknown)"
"1558","7184.281000","remote ()","0.028000","localhost ()","ATT","194","Rcvd Handle Value Notification, Handle: 0x0017 (Unknown)"
"1559","7184.281000","remote ()","0.000000","localhost ()","ATT","194","Rcvd Handle Value Notification, Handle: 0x0017 (Unknown)"
"1560","7184.283000","remote ()","0.002000","localhost ()","ATT","194","Rcvd Handle Value Notification, Handle: 0x0017 (Unknown)"
"1561","7184.310000","remote ()","0.027000","localhost ()","ATT","194","Rcvd Handle Value Notification, Handle: 0x0017 (Unknown)"
"1562","7184.340000","remote ()","0.030000","localhost ()","ATT","194","Rcvd Handle Value Notification, Handle: 0x0017 (Unknown)"
"1563","7184.369000","remote ()","0.029000","localhost ()","ATT","194","Rcvd Handle Value Notification, Handle: 0x0017 (Unknown)"
"1564","7184.400000","remote ()","0.031000","localhost ()","ATT","194","Rcvd Handle Value Notification, Handle: 0x0017 (Unknown)"
"1565","7184.401000","remote ()","0.001000","localhost ()","ATT","194","Rcvd Handle Value Notification, Handle: 0x0017 (Unknown)"
"1566","7184.403000","remote ()","0.002000","localhost ()","ATT","194","Rcvd Handle Value Notification, Handle: 0x0017 (Unknown)"
"1567","7184.431000","remote ()","0.028000","localhost ()","ATT","194","Rcvd Handle Value Notification, Handle: 0x0017 (Unknown)"
"1568","7184.431000","remote ()","0.000000","localhost ()","ATT","194","Rcvd Handle Value Notification, Handle: 0x0017 (Unknown)"
"1569","7184.433000","remote ()","0.002000","localhost ()","ATT","194","Rcvd Handle Value Notification, Handle: 0x0017 (Unknown)"
"1570","7184.461000","remote ()","0.028000","localhost ()","ATT","194","Rcvd Handle Value Notification, Handle: 0x0017 (Unknown)"
"1571","7184.461000","remote ()","0.000000","localhost ()","ATT","194","Rcvd Handle Value Notification, Handle: 0x0017 (Unknown)"
"1572","7184.463000","remote ()","0.002000","localhost ()","ATT","194","Rcvd Handle Value Notification, Handle: 0x0017 (Unknown)"
"1573","7184.496000","remote ()","0.033000","localhost ()","ATT","194","Rcvd Handle Value Notification, Handle: 0x0017 (Unknown)"
"1574","7184.498000","remote ()","0.002000","localhost ()","ATT","194","Rcvd Handle Value Notification, Handle: 0x0017 (Unknown)"
"1575","7184.500000","remote ()","0.002000","localhost ()","ATT","194","Rcvd Handle Value Notification, Handle: 0x0017 (Unknown)"
"1576","7184.528000","remote ()","0.028000","localhost ()","ATT","194","Rcvd Handle Value Notification, Handle: 0x0017 (Unknown)"
"1577","7184.528000","remote ()","0.000000","localhost ()","ATT","194","Rcvd Handle Value Notification, Handle: 0x0017 (Unknown)"
"1578","7184.558000","remote ()","0.030000","localhost ()","ATT","194","Rcvd Handle Value Notification, Handle: 0x0017 (Unknown)"
"1579","7184.558000","remote ()","0.000000","localhost ()","ATT","194","Rcvd Handle Value Notification, Handle: 0x0017 (Unknown)"
"1580","7184.560000","remote ()","0.002000","localhost ()","ATT","194","Rcvd Handle Value Notification, Handle: 0x0017 (Unknown)"
"1582","7184.587000","remote ()","0.009000","localhost ()","ATT","194","Rcvd Handle Value Notification, Handle: 0x0017 (Unknown)"
"1583","7184.587000","remote ()","0.000000","localhost ()","ATT","194","Rcvd Handle Value Notification, Handle: 0x0017 (Unknown)"
"1584","7184.589000","remote ()","0.002000","localhost ()","ATT","32","Rcvd Handle Value Notification, Handle: 0x001e (Unknown)"
"1585","7184.618000","remote ()","0.029000","localhost ()","ATT","194","Rcvd Handle Value Notification, Handle: 0x0017 (Unknown)"
"1586","7184.648000","remote ()","0.030000","localhost ()","ATT","194","Rcvd Handle Value Notification, Handle: 0x0017 (Unknown)"
"1588","7184.678000","remote ()","0.007000","localhost ()","ATT","194","Rcvd Handle Value Notification, Handle: 0x0017 (Unknown)"
"1589","7184.678000","remote ()","0.000000","localhost ()","ATT","194","Rcvd Handle Value Notification, Handle: 0x0017 (Unknown)"
"1590","7184.679000","remote ()","0.001000","localhost ()","ATT","194","Rcvd Handle Value Notification, Handle: 0x0017 (Unknown)"
"1591","7184.708000","remote ()","0.029000","localhost ()","ATT","194","Rcvd Handle Value Notification, Handle: 0x0017 (Unknown)"
"1592","7184.708000","remote ()","0.000000","localhost ()","ATT","194","Rcvd Handle Value Notification, Handle: 0x0017 (Unknown)"
"1593","7184.709000","remote ()","0.001000","localhost ()","ATT","194","Rcvd Handle Value Notification, Handle: 0x0017 (Unknown)"
"1594","7184.738000","remote ()","0.029000","localhost ()","ATT","194","Rcvd Handle Value Notification, Handle: 0x0017 (Unknown)"
"1595","7184.738000","remote ()","0.000000","localhost ()","ATT","194","Rcvd Handle Value Notification, Handle: 0x0017 (Unknown)"
"1596","7184.739000","remote ()","0.001000","localhost ()","ATT","194","Rcvd Handle Value Notification, Handle: 0x0017 (Unknown)"
"1597","7184.768000","remote ()","0.029000","localhost ()","ATT","194","Rcvd Handle Value Notification, Handle: 0x0017 (Unknown)"
"1598","7184.768000","remote ()","0.000000","localhost ()","ATT","194","Rcvd Handle Value Notification, Handle: 0x0017 (Unknown)"
"1599","7184.770000","remote ()","0.002000","localhost ()","ATT","194","Rcvd Handle Value Notification, Handle: 0x0017 (Unknown)"
"1600","7184.798000","remote ()","0.028000","localhost ()","ATT","194","Rcvd Handle Value Notification, Handle: 0x0017 (Unknown)"
"1601","7184.798000","remote ()","0.000000","localhost ()","ATT","194","Rcvd Handle Value Notification, Handle: 0x0017 (Unknown)"
"1602","7184.799000","remote ()","0.001000","localhost ()","ATT","194","Rcvd Handle Value Notification, Handle: 0x0017 (Unknown)"
"1603","7184.828000","remote ()","0.029000","localhost ()","ATT","194","Rcvd Handle Value Notification, Handle: 0x0017 (Unknown)"
"1604","7184.828000","remote ()","0.000000","localhost ()","ATT","194","Rcvd Handle Value Notification, Handle: 0x0017 (Unknown)"
"1605","7184.830000","remote ()","0.002000","localhost ()","ATT","194","Rcvd Handle Value Notification, Handle: 0x0017 (Unknown)"
"1606","7184.857000","remote ()","0.027000","localhost ()","ATT","194","Rcvd Handle Value Notification, Handle: 0x0017 (Unknown)"
"1607","7184.857000","remote ()","0.000000","localhost ()","ATT","194","Rcvd Handle Value Notification, Handle: 0x0017 (Unknown)"
"1608","7184.861000","remote ()","0.004000","localhost ()","ATT","194","Rcvd Handle Value Notification, Handle: 0x0017 (Unknown)"
"1609","7184.947000","remote ()","0.086000","localhost ()","ATT","194","Rcvd Handle Value Notification, Handle: 0x0017 (Unknown)"
"1611","7184.978000","remote ()","0.006000","localhost ()","ATT","194","Rcvd Handle Value Notification, Handle: 0x0017 (Unknown)"
"1612","7184.978000","remote ()","0.000000","localhost ()","ATT","194","Rcvd Handle Value Notification, Handle: 0x0017 (Unknown)"
"1613","7184.980000","remote ()","0.002000","localhost ()","ATT","194","Rcvd Handle Value Notification, Handle: 0x0017 (Unknown)"
"1614","7185.007000","remote ()","0.027000","localhost ()","ATT","194","Rcvd Handle Value Notification, Handle: 0x0017 (Unknown)"
"1615","7185.007000","remote ()","0.000000","localhost ()","ATT","194","Rcvd Handle Value Notification, Handle: 0x0017 (Unknown)"
"1616","7185.035000","remote ()","0.028000","localhost ()","ATT","194","Rcvd Handle Value Notification, Handle: 0x0017 (Unknown)"
"1617","7185.065000","remote ()","0.030000","localhost ()","ATT","194","Rcvd Handle Value Notification, Handle: 0x0017 (Unknown)"
"1618","7185.068000","remote ()","0.003000","localhost ()","ATT","194","Rcvd Handle Value Notification, Handle: 0x0017 (Unknown)"
"1619","7185.070000","remote ()","0.002000","localhost ()","ATT","194","Rcvd Handle Value Notification, Handle: 0x0017 (Unknown)"
"1620","7185.095000","remote ()","0.025000","localhost ()","ATT","15","Rcvd Handle Value Notification, Handle: 0x0017 (Unknown)"
"1621","7185.095000","remote ()","0.000000","localhost ()","ATT","21","Rcvd Handle Value Notification, Handle: 0x0017 (Unknown)"
"1633","7188.027000","localhost ()","0.376000","remote ()","ATT","22","Sent Write Command, Handle: 0x0012 (Unknown)"
"1634","7188.064000","remote ()","0.037000","localhost ()","ATT","18","Rcvd Handle Value Notification, Handle: 0x0017 (Unknown)"
"1635","7188.066000","localhost ()","0.002000","remote ()","ATT","194","Sent Write Command, Handle: 0x0012 (Unknown)"
"1636","7188.067000","localhost ()","0.001000","remote ()","ATT","194","Sent Write Command, Handle: 0x0012 (Unknown)"
"1637","7188.068000","localhost ()","0.001000","remote ()","ATT","194","Sent Write Command, Handle: 0x0012 (Unknown)"
"1638","7188.070000","controller","0.002000","host","HCI_EVT","8","Rcvd Number of Completed Packets"
"1639","7188.070000","localhost ()","0.000000","remote ()","ATT","194","Sent Write Command, Handle: 0x0012 (Unknown)"
"1640","7188.071000","localhost ()","0.001000","remote ()","ATT","194","Sent Write Command, Handle: 0x0012 (Unknown)"
"1641","7188.071000","localhost ()","0.000000","remote ()","ATT","194","Sent Write Command, Handle: 0x0012 (Unknown)"
"1642","7188.072000","localhost ()","0.001000","remote ()","ATT","194","Sent Write Command, Handle: 0x0012 (Unknown)"
"1643","7188.073000","localhost ()","0.001000","remote ()","ATT","194","Sent Write Command, Handle: 0x0012 (Unknown)"
"1644","7188.073000","localhost ()","0.000000","remote ()","ATT","194","Sent Write Command, Handle: 0x0012 (Unknown)"
"1645","7188.074000","localhost ()","0.001000","remote ()","ATT","91","Sent Write Command, Handle: 0x0012 (Unknown)"
"1646","7188.074000","localhost ()","0.000000","remote ()","ATT","14","Sent Write Command, Handle: 0x0012 (Unknown)"
"1647","7188.126000","controller","0.052000","host","HCI_EVT","8","Rcvd Number of Completed Packets"
"1648","7188.126000","controller","0.000000","host","HCI_EVT","8","Rcvd Number of Completed Packets"
"1649","7188.131000","controller","0.005000","host","HCI_EVT","8","Rcvd Number of Completed Packets"
"1650","7188.131000","controller","0.000000","host","HCI_EVT","8","Rcvd Number of Completed Packets"
"1651","7188.160000","controller","0.029000","host","HCI_EVT","8","Rcvd Number of Completed Packets"
"1652","7188.160000","controller","0.000000","host","HCI_EVT","8","Rcvd Number of Completed Packets"
