"No.","Time","Delta Time","Source","Destination","Protocol","Length","Info"
"1430","366655.488000","0.001000","controller","host","HCI_EVT","34","Rcvd LE Meta (LE Enhanced Connection Complete)"
"1441","366655.514000","0.000000","host","controller","HCI_CMD","6","Sent Read Remote Version Information"
"1444","366655.525000","0.000000","controller","host","HCI_EVT","11","Rcvd Read Remote Version Information Complete"
"1445","366655.525000","0.000000","host","controller","HCI_CMD","6","Sent LE Read Remote Features"
"1458","366655.705000","0.000000","controller","host","HCI_EVT","15","Rcvd LE Meta (LE Read Remote Features Complete)"
"1459","366655.707000","0.002000","localhost ()","5b:32:2e:6d:02:e3 (BPM Connect E4)","L2CAP","16","Sent "
"1460","366655.710000","0.003000","localhost ()","5b:32:2e:6d:02:e3 (BPM Connect E4)","ATT","12","Sent Exchange MTU Request, Client Rx MTU: 185"
"1461","366655.735000","0.025000","controller","host","HCI_EVT","8","Rcvd Number of Completed Packets"
"1462","366655.735000","0.000000","controller","host","HCI_EVT","8","Rcvd Number of Completed Packets"
"1463","366655.765000","0.030000","5b:32:2e:6d:02:e3 (BPM Connect E4)","localhost ()","L2CAP","19","Rcvd Command Reject"
"1464","366655.765000","0.000000","5b:32:2e:6d:02:e3 (BPM Connect E4)","localhost ()","ATT","12","Rcvd Exchange MTU Response, Server Rx MTU: 185"
"1465","366655.765000","0.000000","localhost ()","5b:32:2e:6d:02:e3 (BPM Connect E4)","ATT","16","Sent Read By Group Type Request, GATT Primary Service Declaration, Handles: 0x0001..0xffff"
"1466","366655.817000","0.052000","controller","host","HCI_EVT","8","Rcvd Number of Completed Packets"
"1469","366655.825000","0.008000","5b:32:2e:6d:02:e3 (BPM Connect E4)","localhost ()","ATT","17","Rcvd Read By Group Type Response, Attribute List Length: 1, Generic Attribute Profile"
"1470","366655.825000","0.000000","localhost ()","5b:32:2e:6d:02:e3 (BPM Connect E4)","ATT","16","Sent Read By Group Type Request, GATT Primary Service Declaration, Handles: 0x0005..0xffff"
"1476","366655.875000","0.025000","controller","host","HCI_EVT","8","Rcvd Number of Completed Packets"
"1478","366655.885000","0.010000","5b:32:2e:6d:02:e3 (BPM Connect E4)","localhost ()","ATT","17","Rcvd Read By Group Type Response, Attribute List Length: 1, Generic Access Profile"
"1479","366655.885000","0.000000","localhost ()","5b:32:2e:6d:02:e3 (BPM Connect E4)","ATT","16","Sent Read By Group Type Request, GATT Primary Service Declaration, Handles: 0x000a..0xffff"
"1480","366655.942000","0.057000","5b:32:2e:6d:02:e3 (BPM Connect E4)","localhost ()","ATT","31","Rcvd Read By Group Type Response, Attribute List Length: 1, Unknown"
"1481","366655.942000","0.000000","localhost ()","5b:32:2e:6d:02:e3 (BPM Connect E4)","ATT","16","Sent Read By Group Type Request, GATT Primary Service Declaration, Handles: 0x000e..0xffff"
"1482","366655.945000","0.003000","controller","host","HCI_EVT","8","Rcvd Number of Completed Packets"
"1483","366656.002000","0.057000","5b:32:2e:6d:02:e3 (BPM Connect E4)","localhost ()","ATT","14","Rcvd Error Response - Attribute Not Found, Handle: 0x000e (Unknown: Unknown)"
"1484","366656.002000","0.000000","localhost ()","5b:32:2e:6d:02:e3 (BPM Connect E4)","ATT","16","Sent Read By Type Request, Device Name, Handles: 0x0005..0x0009"
"1485","366656.005000","0.003000","controller","host","HCI_EVT","8","Rcvd Number of Completed Packets"
"1486","366656.063000","0.058000","5b:32:2e:6d:02:e3 (BPM Connect E4)","localhost ()","ATT","28","Rcvd Read By Type Response, Attribute List Length: 1"
"1487","366656.063000","0.000000","localhost ()","5b:32:2e:6d:02:e3 (BPM Connect E4)","ATT","16","Sent Read By Type Request, GATT Characteristic Declaration, Handles: 0x0001..0x0004"
"1488","366656.067000","0.004000","controller","host","HCI_EVT","8","Rcvd Number of Completed Packets"
"1489","366656.119000","0.052000","controller","host","HCI_EVT","8","Rcvd Number of Completed Packets"
"1492","366656.123000","0.001000","5b:32:2e:6d:02:e3 (BPM Connect E4)","localhost ()","ATT","18","Rcvd Read By Type Response, Attribute List Length: 1, Service Changed"
"1493","366656.124000","0.001000","localhost ()","5b:32:2e:6d:02:e3 (BPM Connect E4)","ATT","14","Sent Find Information Request, Handles: 0x0004..0x0004"
"1496","366656.170000","0.038000","controller","host","HCI_EVT","8","Rcvd Number of Completed Packets"
"1499","366656.183000","0.004000","5b:32:2e:6d:02:e3 (BPM Connect E4)","localhost ()","ATT","15","Rcvd Find Information Response, Handle: 0x0004 (Generic Attribute Profile: Service Changed: Client Characteristic Configuration)"
"1500","366656.183000","0.000000","localhost ()","5b:32:2e:6d:02:e3 (BPM Connect E4)","ATT","14","Sent Write Request, Handle: 0x0004 (Generic Attribute Profile: Service Changed: Client Characteristic Configuration)"
"1501","366656.243000","0.060000","5b:32:2e:6d:02:e3 (BPM Connect E4)","localhost ()","ATT","10","Rcvd Write Response, Handle: 0x0004 (Generic Attribute Profile: Service Changed: Client Characteristic Configuration)"
"1508","366656.244000","0.001000","localhost ()","5b:32:2e:6d:02:e3 (BPM Connect E4)","ATT","16","Sent Read By Type Request, GATT Characteristic Declaration, Handles: 0x000a..0x000d"
"1509","366656.248000","0.004000","controller","host","HCI_EVT","8","Rcvd Number of Completed Packets"
"1510","366656.302000","0.054000","5b:32:2e:6d:02:e3 (BPM Connect E4)","localhost ()","ATT","32","Rcvd Read By Type Response, Attribute List Length: 1, Unknown"
"1511","366656.304000","0.002000","localhost ()","5b:32:2e:6d:02:e3 (BPM Connect E4)","ATT","14","Sent Find Information Request, Handles: 0x000d..0x000d"
"1512","366656.307000","0.003000","controller","host","HCI_EVT","8","Rcvd Number of Completed Packets"
"1513","366656.362000","0.055000","5b:32:2e:6d:02:e3 (BPM Connect E4)","localhost ()","ATT","15","Rcvd Find Information Response, Handle: 0x000d (Unknown: Unknown: Client Characteristic Configuration)"
"1514","366656.362000","0.000000","localhost ()","5b:32:2e:6d:02:e3 (BPM Connect E4)","ATT","14","Sent Write Request, Handle: 0x000d (Unknown: Unknown: Client Characteristic Configuration)"
"1515","366656.365000","0.003000","controller","host","HCI_EVT","8","Rcvd Number of Completed Packets"
"1516","366656.415000","0.050000","controller","host","HCI_EVT","8","Rcvd Number of Completed Packets"
"1518","366656.423000","0.008000","5b:32:2e:6d:02:e3 (BPM Connect E4)","localhost ()","ATT","14","Rcvd Error Response - Insufficient Authentication, Handle: 0x000d (Unknown: Unknown: Client Characteristic Configuration)"
"1519","366656.423000","0.000000","localhost ()","5b:32:2e:6d:02:e3 (BPM Connect E4)","SMP","16","Sent Pairing Request: AuthReq: Bonding, MITM, SecureConnection, Reserved | Initiator Key(s): LTK, IRK, Linkkey | Responder Key(s): LTK, IRK, Linkkey"
"1528","366656.459000","0.013000","controller","host","HCI_EVT","8","Rcvd Number of Completed Packets"
"1531","366656.483000","0.023000","5b:32:2e:6d:02:e3 (BPM Connect E4)","localhost ()","SMP","11","Rcvd Pairing Failed: Passkey Entry Failed"
"1532","366656.493000","0.010000","host","controller","HCI_CMD","7","Sent Disconnect"
"1541","366656.513000","0.000000","controller","host","HCI_EVT","7","Rcvd Disconnect Complete"
"2903","366726.067000","0.000000","controller","host","HCI_EVT","34","Rcvd LE Meta (LE Enhanced Connection Complete)"
"2914","366726.099000","0.000000","host","controller","HCI_CMD","6","Sent Read Remote Version Information"
"2918","366726.115000","0.000000","controller","host","HCI_EVT","11","Rcvd Read Remote Version Information Complete"
"2919","366726.116000","0.001000","host","controller","HCI_CMD","6","Sent LE Read Remote Features"
"2931","366726.293000","0.001000","controller","host","HCI_EVT","15","Rcvd LE Meta (LE Read Remote Features Complete)"
"2932","366726.295000","0.002000","localhost ()","58:6e:d7:a2:35:cd (BPM Connect E4)","L2CAP","16","Sent "
"2933","366726.298000","0.003000","localhost ()","58:6e:d7:a2:35:cd (BPM Connect E4)","ATT","12","Sent Exchange MTU Request, Client Rx MTU: 185"
"2934","366726.325000","0.027000","controller","host","HCI_EVT","8","Rcvd Number of Completed Packets"
"2935","366726.325000","0.000000","controller","host","HCI_EVT","8","Rcvd Number of Completed Packets"
"2936","366726.355000","0.030000","58:6e:d7:a2:35:cd (BPM Connect E4)","localhost ()","L2CAP","19","Rcvd Command Reject"
"2937","366726.355000","0.000000","58:6e:d7:a2:35:cd (BPM Connect E4)","localhost ()","ATT","12","Rcvd Exchange MTU Response, Server Rx MTU: 185"
"2938","366726.355000","0.000000","localhost ()","58:6e:d7:a2:35:cd (BPM Connect E4)","ATT","16","Sent Read By Group Type Request, GATT Primary Service Declaration, Handles: 0x0001..0xffff"
"2939","366726.413000","0.058000","58:6e:d7:a2:35:cd (BPM Connect E4)","localhost ()","ATT","17","Rcvd Read By Group Type Response, Attribute List Length: 1, Generic Attribute Profile"
"2940","366726.414000","0.001000","localhost ()","58:6e:d7:a2:35:cd (BPM Connect E4)","ATT","16","Sent Read By Group Type Request, GATT Primary Service Declaration, Handles: 0x0005..0xffff"
"2941","366726.416000","0.002000","controller","host","HCI_EVT","8","Rcvd Number of Completed Packets"
"2943","366726.473000","0.036000","58:6e:d7:a2:35:cd (BPM Connect E4)","localhost ()","ATT","17","Rcvd Read By Group Type Response, Attribute List Length: 1, Generic Access Profile"
"2944","366726.473000","0.000000","localhost ()","58:6e:d7:a2:35:cd (BPM Connect E4)","ATT","16","Sent Read By Group Type Request, GATT Primary Service Declaration, Handles: 0x000a..0xffff"
"2945","366726.477000","0.004000","controller","host","HCI_EVT","8","Rcvd Number of Completed Packets"
"2947","366726.520000","0.005000","controller","host","HCI_EVT","8","Rcvd Number of Completed Packets"
"2957","366726.535000","0.004000","58:6e:d7:a2:35:cd (BPM Connect E4)","localhost ()","ATT","31","Rcvd Read By Group Type Response, Attribute List Length: 1, Unknown"
"2958","366726.535000","0.000000","localhost ()","58:6e:d7:a2:35:cd (BPM Connect E4)","ATT","16","Sent Read By Group Type Request, GATT Primary Service Declaration, Handles: 0x000e..0xffff"
"2971","366726.564000","0.005000","controller","host","HCI_EVT","8","Rcvd Number of Completed Packets"
"2988","366726.594000","0.003000","58:6e:d7:a2:35:cd (BPM Connect E4)","localhost ()","ATT","14","Rcvd Error Response - Attribute Not Found, Handle: 0x000e (Unknown: Unknown: Unknown)"
"2991","366726.595000","0.001000","localhost ()","58:6e:d7:a2:35:cd (BPM Connect E4)","ATT","16","Sent Read By Type Request, Device Name, Handles: 0x0005..0x0009"
"2997","366726.630000","0.010000","controller","host","HCI_EVT","8","Rcvd Number of Completed Packets"
"3002","366726.655000","0.018000","58:6e:d7:a2:35:cd (BPM Connect E4)","localhost ()","ATT","28","Rcvd Read By Type Response, Attribute List Length: 1"
"3003","366726.655000","0.000000","localhost ()","58:6e:d7:a2:35:cd (BPM Connect E4)","ATT","16","Sent Read By Type Request, GATT Characteristic Declaration, Handles: 0x0001..0x0004"
"3004","366726.713000","0.058000","58:6e:d7:a2:35:cd (BPM Connect E4)","localhost ()","ATT","18","Rcvd Read By Type Response, Attribute List Length: 1, Service Changed"
"3005","366726.713000","0.000000","localhost ()","58:6e:d7:a2:35:cd (BPM Connect E4)","ATT","14","Sent Find Information Request, Handles: 0x0004..0x0004"
"3006","366726.717000","0.004000","controller","host","HCI_EVT","8","Rcvd Number of Completed Packets"
"3008","366726.760000","0.021000","controller","host","HCI_EVT","8","Rcvd Number of Completed Packets"
"3010","366726.775000","0.015000","58:6e:d7:a2:35:cd (BPM Connect E4)","localhost ()","ATT","15","Rcvd Find Information Response, Handle: 0x0004 (Generic Attribute Profile: Service Changed: Client Characteristic Configuration)"
"3011","366726.775000","0.000000","localhost ()","58:6e:d7:a2:35:cd (BPM Connect E4)","ATT","14","Sent Write Request, Handle: 0x0004 (Generic Attribute Profile: Service Changed: Client Characteristic Configuration)"
"3012","366726.833000","0.058000","58:6e:d7:a2:35:cd (BPM Connect E4)","localhost ()","ATT","10","Rcvd Write Response, Handle: 0x0004 (Generic Attribute Profile: Service Changed: Client Characteristic Configuration)"
"3019","366726.834000","0.001000","localhost ()","58:6e:d7:a2:35:cd (BPM Connect E4)","ATT","16","Sent Read By Type Request, GATT Characteristic Declaration, Handles: 0x000a..0x000d"
"3020","366726.838000","0.004000","controller","host","HCI_EVT","8","Rcvd Number of Completed Packets"
"3021","366726.893000","0.055000","58:6e:d7:a2:35:cd (BPM Connect E4)","localhost ()","ATT","32","Rcvd Read By Type Response, Attribute List Length: 1, Unknown"
"3022","366726.894000","0.001000","localhost ()","58:6e:d7:a2:35:cd (BPM Connect E4)","ATT","14","Sent Find Information Request, Handles: 0x000d..0x000d"
"3023","366726.899000","0.005000","controller","host","HCI_EVT","8","Rcvd Number of Completed Packets"
"3025","366726.931000","0.025000","controller","host","HCI_EVT","8","Rcvd Number of Completed Packets"
"3033","366726.955000","0.006000","58:6e:d7:a2:35:cd (BPM Connect E4)","localhost ()","ATT","15","Rcvd Find Information Response, Handle: 0x000d (Unknown: Unknown: Client Characteristic Configuration)"
"3034","366726.955000","0.000000","localhost ()","58:6e:d7:a2:35:cd (BPM Connect E4)","ATT","14","Sent Write Request, Handle: 0x000d (Unknown: Unknown: Client Characteristic Configuration)"
"3035","366726.998000","0.043000","controller","host","HCI_EVT","8","Rcvd Number of Completed Packets"
"3039","366727.014000","0.005000","58:6e:d7:a2:35:cd (BPM Connect E4)","localhost ()","ATT","14","Rcvd Error Response - Insufficient Authentication, Handle: 0x000d (Unknown: Unknown: Client Characteristic Configuration)"
"3040","366727.014000","0.000000","localhost ()","58:6e:d7:a2:35:cd (BPM Connect E4)","SMP","16","Sent Pairing Request: AuthReq: Bonding, MITM, SecureConnection, Reserved | Initiator Key(s): LTK, IRK, Linkkey | Responder Key(s): LTK, IRK, Linkkey"
"3044","366727.050000","0.009000","controller","host","HCI_EVT","8","Rcvd Number of Completed Packets"
"3050","366727.075000","0.015000","58:6e:d7:a2:35:cd (BPM Connect E4)","localhost ()","SMP","11","Rcvd Pairing Failed: Passkey Entry Failed"
"3051","366727.086000","0.011000","host","controller","HCI_CMD","7","Sent Disconnect"
"3054","366727.105000","0.000000","controller","host","HCI_EVT","7","Rcvd Disconnect Complete"
